144124584;1;2;31/01/2020 00:00:00;26990;14592;12398;2809;2057;752;5047;1937;3110;4.14;4.14;3.12
144124613;1;1;31/01/2020 00:00:00;1313;1313;279;279;4137;4137;0.09;0.09
144124619;1;2;31/01/2020 00:00:00;2047;1878;169;3327;3098;229;0;0;0;0.25;0.25;0.02
144124627;1;2;31/01/2020 00:00:00;6326;5700;626;828;625;203;632;620;12;0.15;0.15;0
144124630;1;1;31/01/2020 00:00:00;52;52;10;10;15;15;0.25;0.25
144124721;1;2;31/01/2020 00:00:00;17358;16087;1271;10812;9985;827;853;819;34;3.52;2.47;3.52
388925203;1;6;31/01/2020 00:00:00;45621;5027;14026;6484;3709;11946;4429;12790;1592;4390;2374;887;2453;1094;269;31;100;58;15;32;33;3.55;3.37;3.55;2.66;1.33;3.39;1.9
388929041;1;6;31/01/2020 00:00:00;109618;11245;20625;46594;4433;8199;18522;21;5;8;0;4;4;0;16942;1546;3028;7579;612;1171;3006;7.14;7.14;7.08;5.37;6.91;6.82;5.27
388954320;1;6;31/01/2020 00:00:00;2063419;283889;851511;405723;88039;260658;173599;546275;81005;228011;104383;22743;66269;43864;276215;27170;85717;71562;14828;46091;30847;59.66;59.44;59.66;49.01;39.34;49.03;42.64
501002160;1;2;31/01/2020 00:00:00;8437;6849;1588;1482;1059;423;70;64;6;8.4;8.4;8.07
501002163;1;6;31/01/2020 00:00:00;123650;19896;82684;12202;1447;4285;3136;5774;581;2797;1404;156;490;346;17089;2725;6944;4050;559;1663;1148;17.72;10.45;17.72;1.38;0.61;2.91;0.75
501005337;1;6;31/01/2020 00:00:00;44787;10297;18551;4606;2233;6614;2486;25851;6773;11547;1520;1267;3737;1007;1765;139;524;548;87;260;207;21.08;17.67;17.8;5.52;17.95;21.08;13.28
501005356;1;2;31/01/2020 00:00:00;46983;11616;20894;2119;618;884;3151;673;1427;4.53;4.53;3.99
501005357;1;2;31/01/2020 00:00:00;229234;47930;102543;202497;38948;85665;0;0;0;9.88;6.54;9.88
501101463;1;1;31/01/2020 00:00:00;5083117;2740639;1076332;463742;63268;44806;163.14;163.14
501103192;1;1;31/01/2020 00:00:00;72930;34317;91206;38555;0;0;6.1;6.1
501309420;1;2;31/01/2020 00:00:00;32933;11691;15069;13326;3701;6107;470;151;275;3.96;3.31;3.96
501310080;1;2;31/01/2020 00:00:00;4371;2013;2358;881;378;503;431;204;227;4.22;4.22;3.4
501627568;1;6;31/01/2020 00:00:00;10577;1325;3852;2427;536;1484;953;6783;863;2467;1553;342;950;608;646;79;243;147;31;91;55;2.29;2.25;2.29;2.27;2.24;2.28;2.26
141002125;1;1;31/01/2020 00:00:00;25065;25065;716;716;230;230;4.15;4.15
141618783;1;1;31/01/2020 00:00:00;1338;1338;128;128;56;56;0.19;0.19
141731314;1;1;31/01/2020 00:00:00;111;111;15;15;2;2;0;0
388925203;2;1;31/01/2020 00:00:00;45621;45621;12790;12790;269;269;3.55;3.55
388929041;2;2;31/01/2020 00:00:00;109618;29552;80066;21;21;0;16942;4068;12874;7.14;7.14;7.08
388929071;2;2;31/01/2020 00:00:00;108128;29908;78220;3876;1116;2760;11102;2576;8526;4.13;4.13;4.1
388954320;2;3;31/01/2020 00:00:00;2063419;371928;1112169;579322;546275;103748;294280;148247;276215;41998;131808;102409;59.66;59.44;59.66;49.01
501002160;2;2;31/01/2020 00:00:00;19852;16906;2946;3562;2783;779;166;150;16;8.4;8.4;8.07
501002163;2;3;31/01/2020 00:00:00;123651;21791;86731;15129;5776;752;3294;1730;17090;3318;8590;5182;17.72;10.45;17.72;1.38
501005337;2;6;31/01/2020 00:00:00;44787;10297;18551;4606;2233;6614;2486;25851;6773;11547;1520;1267;3737;1007;1765;139;524;548;87;260;207;21.08;15.21;15.22;5.52;17.95;21.08;13.28
501005356;2;2;31/01/2020 00:00:00;46987;22024;24963;2120;993;1127;3153;1264;1889;4.53;4.53;3.99
501005357;2;2;31/01/2020 00:00:00;229236;86890;142346;202499;75754;126745;0;0;0;9.88;6.54;9.88
501101463;2;3;31/01/2020 00:00:00;5083119;987114;2719254;1376751;1076337;214132;572905;289300;63269;7610;24137;31522;163.14;163.14;146.42;126.74
501103192;2;1;31/01/2020 00:00:00;72934;72934;91208;91208;0;0;6.1;6.1
501309420;2;2;31/01/2020 00:00:00;32934;16599;16335;13327;5896;7431;471;174;297;3.96;3.31;3.96
141107379;1;1;31/01/2020 00:00:00;8921;8921;236;236;3185;3185;3.47;3.47
