141708897;04/03/2020 00:00:00;00009749;00000000;00000461;00000000;00000000;00002515
141708939;04/03/2020 00:00:00;00005152;00000000;00003921;00000000;00000000;00000009
141708967;04/03/2020 00:00:00;00003880;00000000;00001883;00000000;00000000;00000087
141708968;04/03/2020 00:00:00;00014480;00000000;00001021;00000000;00000000;00000525
141713558;01/01/2000 00:00:00
141713568;01/01/2000 00:00:00
141713572;01/01/2000 00:00:00
141713598;04/03/2020 00:00:00;00000116;00000000;00000060;00000000;00000000;00000000
141713599;04/03/2020 00:00:00;00000000;00000000;00000000;00000000;00000000;00000000
141713600;04/03/2020 00:00:00;00000000;00000000;00000000;00000000;00000000;00000000
141713609;04/03/2020 00:00:00;00001286;00000000;00000192;00000000;00000000;00000013
141713619;01/01/2000 00:00:00
141724481;04/03/2020 00:00:00;00000000;00000000;00000000;00000000;00000000;00000000
141724482;04/03/2020 00:00:00;00000003;00000000;00000004;00000000;00000000;00000000
141731299;04/03/2020 00:00:00;00000058;00000000;00000002;00000000;00000000;00000000